UID: 116928472      Name: Martin Iglesias       Seed: 13
----PARAMS----
{'activation': 'relu', 'alpha': 0.0001, 'batch_size': 'auto', 'beta_1': 0.9, 'beta_2': 0.999, 'early_stopping': False, 'epsilon': 1e-08, 'hidden_layer_sizes': (100,), 'learning_rate': 'constant', 'learning_rate_init': 0.001, 'max_fun': 15000, 'max_iter': 200, 'momentum': 0.9, 'n_iter_no_change': 10, 'nesterovs_momentum': True, 'power_t': 0.5, 'random_state': 13, 'shuffle': True, 'solver': 'adam', 'tol': 0.0001, 'validation_fraction': 0.1, 'verbose': False, 'warm_start': False}

----RMSE----
            Train Data            |    Test Data  
Pre-Train    170.10006818965817      172.70518968213335
Post-Train   154.59403831794793      157.1487662567491

----TARGETS----PREDICTED VALS----
246.0              18.824991998354562
111.0              17.414233367764396
49.0              14.002430673741719
99.0              9.739744940338293
220.0              21.78705264219044
308.0              20.50312513992153
154.0              16.56341427050327
77.0              11.717450953684502
71.0              14.188110497577842
261.0              20.048929124200477
66.0              14.75954372978797
296.0              20.269164833518197
94.0              14.25094708804786
202.0              16.41280328339628
111.0              13.3130320883527
219.0              14.457521826000795
178.0              18.27911861979633
59.0              14.314237847032903
272.0              21.110856436019866
136.0              12.79250069011065
64.0              11.81799099156423
248.0              22.486621596880497
42.0              11.710868786502502
142.0              18.592989048372814
152.0              9.534129340569791
252.0              15.148398612590004
196.0              20.75019836537773
132.0              18.513086175466157
99.0              16.51631377901223
63.0              13.3817388353493
63.0              19.327374209542157
135.0              14.324398896535184
182.0              14.99215991716719
277.0              21.16604961555907
124.0              17.926531966732405
125.0              10.85895506252121
262.0              18.463177768535292
45.0              10.947071255379988
78.0              15.899871563053143
258.0              22.949160435142716
118.0              16.121009534873412
127.0              16.926488095828127
148.0              14.19069099239345
69.0              12.364851655948256
69.0              16.600349796029157
42.0              15.96138125608742
168.0              19.243605433027277
128.0              14.283500930288634
55.0              10.028337548701522
102.0              17.074740406768505
244.0              19.27541140658233
150.0              11.420714114846433
263.0              20.50066748741373
276.0              14.131634138211778
160.0              15.100913511248942
114.0              10.417060395486363
216.0              15.844391410744556
128.0              18.594977528210663
52.0              16.117814179731386
275.0              17.917726837199623
39.0              13.468983650555662
88.0              14.346340038513707
146.0              17.72454824406312
72.0              14.952909504794114
310.0              22.744703909916016
245.0              22.618656976680764
91.0              18.16728834169639
52.0              12.20095211253074
178.0              13.548975693288883
113.0              13.316845699031292
179.0              13.797785550942216
262.0              18.212616697241515
88.0              14.41372372850479
110.0              17.17213113752944
59.0              15.686602095315095
142.0              10.734992392638437
118.0              17.333819760925532
144.0              17.605462016272845
101.0              16.850500949022184
257.0              18.527478507764155
115.0              18.463085049931866
143.0              8.919460667313983
94.0              13.257327677339415
85.0              14.998690474141394
95.0              17.488762616013762
49.0              15.625562769321414
170.0              18.190413666823492
274.0              19.29601821581455
275.0              20.049940888521316
264.0              22.330912759388774
248.0              19.033270615964867
233.0              21.123336222100065
60.0              14.812500671474742
116.0              19.294124316713358
265.0              16.506764429899498
201.0              12.50325902283769
198.0              18.72926392766753
302.0              14.868885007556118
235.0              18.841862707774002
67.0              13.849257762931122
184.0              14.35905531829827
152.0              20.444339261043122
153.0              14.075688503491453
131.0              21.896334546626647
186.0              20.753124173576097
66.0              16.96768124722459
50.0              16.38062236058824
108.0              15.042469545538543
275.0              18.449925234308314
265.0              17.14950458153018
138.0              20.628444233359268

----WEIGHTS----
[[ 5.29485053e-01  3.34897402e-01  7.14689668e-03  6.31894584e-01
   2.72907613e-02 -1.48715857e-02  4.60959597e-01  3.66031753e-03
   4.76561009e-01  5.87376700e-01 -2.59069101e-02 -8.79424572e-04
  -1.51563582e-01  2.25155148e-01  2.26263292e-01  6.99671687e-02
  -4.88455265e-02  4.28199229e-01 -1.31271513e-01  2.97888297e-01
   7.31526407e-02  3.71895386e-01  3.40727761e-01  1.56383344e-01
  -2.64702347e-02  2.54942070e-01  4.24380147e-01  1.09033183e-01
  -3.08242882e-02  5.37634902e-01  1.14575300e-02 -1.91499372e-02
   5.05308146e-01 -1.49329020e-09  4.60357274e-01  2.42548515e-02
   1.64054665e-01 -2.52616818e-03  5.06701080e-01 -4.42621183e-04
  -1.42198770e-03  5.74766745e-01  1.82831594e-02  2.54802970e-01
  -1.08663722e-07  3.47642411e-01  4.11524796e-01  2.77070162e-05
  -4.40053489e-03  1.77100893e-01  5.94761319e-04  5.33380155e-02
   3.11716234e-01 -5.30281841e-02 -9.96463530e-02  3.36705010e-01
   2.07053828e-01  5.05383721e-04  1.78179387e-01  5.18247973e-01
   7.77219987e-07  2.62452214e-01  6.36476870e-01 -1.58544489e-05
  -1.56827810e-01  1.27375807e-01 -1.67916935e-02  5.73766502e-01
   2.96007599e-02  2.37434358e-01  2.67975911e-11 -1.93381490e-01
   6.48270531e-01  3.86419009e-01  2.85031972e-01  5.82671929e-01
  -1.10772355e-02 -1.24216698e-01  1.65488806e-05  1.61693520e-06
   6.66269441e-02  8.28944647e-03 -1.19312620e-02  9.80330704e-02
  -5.11046325e-03 -1.08751703e-01 -5.80232259e-02 -2.74244847e-04
   1.50937290e-01  2.72232745e-01  9.04366351e-03  4.99686465e-01
   3.22642090e-01 -2.45056659e-01  2.61756189e-02 -5.64385821e-03
  -1.82157337e-02  2.99109831e-01  1.98449157e-04  2.31172604e-07]
 [ 1.35004027e-01  2.64253235e-01 -1.40053505e-03 -8.01578461e-02
   9.15566561e-03 -2.55488005e-02  1.14814235e-01 -9.24002111e-03
  -1.11122753e-01 -1.51597145e-01  2.37292951e-03 -6.77439537e-03
  -4.96785496e-02 -1.41552945e-01 -9.55144117e-02 -2.03683889e-01
  -1.01119979e-02  1.70578585e-01  1.16884496e-01 -1.67446788e-01
   6.37379229e-02  2.42795790e-01  6.45777712e-02 -1.63303973e-02
  -2.99570925e-02  2.14759230e-01  1.67151320e-01 -4.69207165e-02
  -7.50379191e-03  1.86976777e-01  4.54746987e-02 -1.99055777e-04
  -1.35814066e-01 -1.58286314e-02  7.71616711e-02  1.07272067e-03
   2.66504545e-01  2.31261074e-03 -1.59420312e-02  2.77558615e-03
  -1.98679609e-02  1.31295435e-01  1.35503411e-03 -2.72131728e-01
  -2.80340889e-05 -1.09749775e-01 -5.57103712e-02 -3.54637377e-03
  -6.83939422e-02 -1.60898495e-01  7.34930362e-04 -2.61424009e-01
   8.16679759e-02 -1.59019169e-01  9.88707184e-03 -5.09531067e-02
  -4.50137841e-02 -3.52580640e-10 -2.42387659e-01 -2.07249967e-01
   9.02921185e-03 -1.05317514e-02 -1.11965154e-01  5.31101918e-03
   1.82271485e-01  1.59662384e-01  1.34754375e-01 -1.37609317e-01
   1.75078341e-02  2.14945159e-02  1.56625626e-02  1.42521266e-02
  -1.81213623e-01  2.66814771e-01 -1.33738919e-01  1.33793692e-01
  -3.31328484e-04 -1.65463820e-01 -1.06044930e-02  3.69091900e-04
   2.97505922e-02  4.57643841e-02  2.09240476e-02 -1.16251598e-01
  -1.30624048e-02 -6.32571457e-02  4.44295674e-02  2.24546856e-02
  -9.96895291e-02  2.70348816e-02 -1.36721542e-03 -9.32100795e-02
  -3.69724375e-02  1.74892996e-01 -1.66230596e-02  1.16941903e-02
   7.99589706e-03  1.28580179e-01 -9.36305384e-04 -8.01124359e-03]
 [ 6.72809898e-01  3.41893169e-01  5.74935377e-09  4.28193573e-01
  -8.61987694e-03  9.24684589e-02  3.40805138e-01  1.11504122e-03
   6.65735229e-01  6.51075439e-01 -1.02855419e-02  4.73395208e-03
  -1.79438721e-01  2.89220397e-01  1.38644219e-01  5.18274293e-02
   1.18983020e-02  5.73044393e-01 -1.80869607e-01  3.79485059e-01
   4.86363474e-02  8.10361698e-01  7.04468529e-01  1.25424666e-01
  -3.16227117e-03  6.64875007e-01  3.25110312e-01 -7.46268832e-02
   3.21837426e-03  5.73553035e-01 -2.24722480e-01 -8.25443193e-03
   3.31922130e-01  1.98461845e-09  7.11714502e-01 -4.59743851e-04
   5.38925245e-01 -6.64387061e-03  4.02647640e-01  7.54820537e-04
  -5.53727712e-11  7.46321605e-01  7.48910925e-03  4.09641387e-01
  -2.69805351e-02  6.15256459e-01  7.26498631e-01  9.65470539e-03
  -3.49369643e-01  2.74104335e-01 -6.58501368e-03 -5.17011581e-02
   4.84142511e-01 -3.02805241e-02 -4.33502535e-02  7.78305394e-01
  -1.60343121e-01  4.06254790e-03  2.15065206e-01  3.09724493e-01
  -3.02398474e-06  7.73602414e-01  4.32449888e-01  2.29744741e-02
  -2.04285619e-01  4.99635465e-01 -1.52314731e-02  7.12256998e-01
   5.50915694e-09 -3.53104977e-02  8.99819825e-03 -8.92859315e-02
   6.47298963e-01  7.36604420e-01  6.84370262e-01  4.91613726e-01
  -2.82846226e-03  1.40974138e-01 -2.40637179e-02  1.56204657e-02
  -4.83899828e-02 -2.31820754e-01 -6.18959013e-09 -1.37507861e-02
  -4.35590107e-03  1.13551234e-01 -2.06687915e-01 -3.14897834e-03
   1.16615483e-03  3.80601682e-01 -2.67403102e-03  4.70785803e-01
   3.89456354e-01 -2.45489109e-01 -1.94692428e-02  5.11467742e-03
  -1.18888977e-10  3.73640234e-01  4.99947357e-03 -9.08005270e-03]
 [ 6.45286904e-01  5.19458428e-01  1.31364027e-06  4.02609979e-01
  -2.70278415e-03 -1.29758491e-01  4.01246740e-01  2.76417779e-06
   2.70118511e-01  5.13516413e-01 -2.65933721e-04  9.14621185e-05
   7.01036725e-02  2.02754337e-01  5.59069281e-01 -5.32749780e-02
  -1.07201873e-01  7.64083853e-01  8.86667840e-02  7.41959529e-01
  -1.78663599e-01  5.74597961e-01  4.19667631e-01 -2.63978557e-02
   1.55781906e-03  6.42848443e-01  4.79256551e-01 -2.48425550e-02
  -3.67795475e-03  4.66037712e-01 -3.02343086e-02 -6.49680842e-03
   2.92563472e-01 -1.49431852e-02  3.77993535e-01 -2.81694779e-08
   4.26574405e-01  1.84190490e-02  3.46584942e-01 -5.75059031e-05
  -2.84029810e-02  3.30830472e-01  8.37902247e-03  5.82221907e-01
  -1.65631425e-02  6.79871600e-01  5.00878837e-01 -1.00947152e-02
   6.93803960e-02  2.53515746e-01 -1.05597832e-02  2.19106220e-01
   6.67834641e-01 -3.80179180e-02  6.59189052e-02  5.53192762e-01
   1.64838485e-01  5.43030777e-05  5.20363260e-01  5.55624432e-01
  -3.15277864e-02  5.01527997e-01  4.61824044e-01  3.36142681e-07
  -4.62277049e-04  4.96253267e-01 -1.60531611e-01  3.55928486e-01
   6.45959926e-09 -9.61964432e-02  1.36571020e-03 -1.02233540e-01
   4.15254085e-01  5.69719182e-01  6.22040635e-01  5.69035133e-01
   7.68615197e-09 -2.37948059e-02  3.04159843e-02  6.76388267e-05
   6.77792051e-02 -1.36809397e-01  4.88167680e-03  8.67325756e-02
  -9.18630882e-03  2.56223892e-01  1.29832857e-01 -4.11513573e-03
  -9.12406068e-02  3.06137314e-01  1.84324525e-09  6.37378942e-01
   6.64561967e-01 -2.65753016e-01  2.23843243e-02 -2.72036403e-04
   6.63111871e-09  4.25188122e-01 -2.94783404e-09  1.11983048e-05]
 [ 4.55718288e-01  6.20366270e-01  2.33293181e-02  5.55181639e-01
   1.24090962e-02 -2.67534147e-02  3.01656215e-01  1.32198848e-02
   6.08396934e-01  4.22040891e-01 -2.79518585e-03 -2.19173094e-03
   1.02874246e-02  1.38309641e-01  3.93613086e-01 -2.93686111e-02
   6.41122975e-02  6.48541421e-01 -4.28191456e-02  5.03788492e-02
   8.79150002e-02  3.93516840e-01  6.44124659e-01  8.78840795e-02
  -1.27454871e-06  2.34589958e-01  4.73067940e-01 -7.41688616e-03
   2.69773410e-06  6.28722739e-01  1.81718124e-02 -6.13152472e-09
   3.48112115e-01  5.70260150e-05  6.95601160e-01  1.63773779e-06
   5.76533139e-01  1.14707944e-02  6.32622332e-01 -1.04061901e-03
  -6.60480769e-03  3.65866348e-01 -2.78036936e-02  1.90100359e-01
   8.48259412e-06  5.45750753e-01  5.31890740e-01  1.01525951e-02
  -2.72701585e-03  5.11729843e-01 -2.98167508e-02 -1.74573840e-01
   3.26569935e-01  3.04632041e-01 -7.56735227e-02  3.59542183e-01
  -1.76441049e-01  3.63113824e-09  8.89986832e-02  5.21742243e-01
  -1.61039113e-03  5.27128124e-01  6.13709110e-01  6.38180368e-06
  -2.21260772e-01  1.16991656e-01 -8.35864528e-02  6.24504067e-01
  -4.56251263e-03  2.82607061e-01 -1.73345576e-09  1.35364720e-01
   4.23265719e-01  6.54407246e-01  4.41466478e-01  3.11105234e-01
   1.04804680e-02  9.15594549e-02  1.16446407e-03 -2.78079374e-03
  -8.24134036e-02  2.34304831e-02  4.08673692e-06 -1.98610319e-01
   2.67215381e-03  6.08118034e-03  2.68768026e-02  4.42060682e-04
   2.23422277e-01  3.77491827e-01 -1.55703490e-02  5.92140676e-01
   3.27793278e-01 -7.75528693e-02 -3.03866410e-08 -2.74683419e-03
   3.23988481e-02  5.98519485e-01  2.54928853e-04  2.74784518e-04]
 [ 4.19033597e-01  3.38527148e-01 -3.98049549e-03  5.07875122e-01
  -2.14816630e-02 -1.01496634e-02  5.64865283e-01  5.16085440e-03
   1.88411475e-01  3.43736166e-01 -2.59915384e-04 -2.48699053e-02
  -1.15553214e-02 -1.55323020e-01  3.87833833e-02 -1.93024236e-01
   1.04004694e-02  4.62053476e-01  1.61006357e-02  3.41897490e-01
  -1.68253862e-01  3.19332848e-01  6.24579145e-01 -2.11695322e-02
  -3.53250398e-03  3.19406181e-01  5.41271914e-01  3.61332208e-02
   3.91486283e-07  2.54102413e-01 -1.31669672e-01  2.90418480e-05
   5.68711988e-01  1.78271435e-09  2.32717884e-01  4.46118102e-09
   3.57797520e-01  2.59255688e-03  5.54180572e-01 -5.35730409e-08
  -1.16360402e-05  5.43459990e-01  2.07375464e-02  2.46248478e-01
   3.21485293e-05  5.96920265e-01  6.09002864e-01 -1.77692613e-03
  -9.50950193e-02  2.86530179e-01  3.15020525e-03  7.89209002e-02
   6.60169286e-01  2.93104251e-01 -1.06057052e-01  5.33179120e-01
  -1.70396361e-01  7.82074375e-03  1.62036287e-01  5.98818505e-01
   6.47505595e-03  4.04495271e-01  5.39544083e-01  3.19462845e-02
   2.71413247e-02  2.36061077e-01  1.19953473e-01  5.80660964e-01
   1.99061999e-02  1.01687739e-02  3.08153215e-04  1.79648871e-01
   4.86509345e-01  3.06673677e-01  1.80312529e-01  5.04865974e-01
   1.31163327e-02  3.95056040e-02  2.61775638e-03  1.49291414e-02
   7.61114265e-03 -1.26124834e-01 -4.12516533e-03  1.18941464e-02
   2.78242180e-09 -6.46634407e-02  1.39910785e-01  2.32039471e-02
  -2.12322487e-01  2.91656358e-01  1.56306543e-03  2.54425414e-01
   6.71348737e-01  1.42700798e-01 -1.06760540e-04 -4.45506918e-03
  -1.79741267e-10  6.12491843e-01  9.63940644e-04 -7.00464856e-03]
 [-2.73766542e-01 -6.95442026e-01 -1.11535962e-02 -4.48420150e-01
   1.08896902e-04 -6.70258571e-02 -6.53750523e-01 -4.53733710e-03
  -5.25204711e-01 -5.77976224e-01  2.32771955e-03  1.40397307e-02
   8.15754956e-03 -8.18921969e-02 -3.47702707e-01 -2.08864436e-01
  -5.32723584e-02 -7.82011645e-01  9.10025954e-02 -5.26254913e-01
   1.41022881e-01 -4.66284844e-01 -4.82182493e-01  1.00499890e-01
  -2.52519691e-04 -7.66037263e-01 -4.89813645e-01  4.61894758e-02
  -4.13597389e-04 -2.94867255e-01  8.18431947e-02  3.59156670e-03
  -6.62618662e-01 -2.93274805e-03 -7.20300616e-01  5.90052619e-04
  -3.81589591e-01  4.50801941e-03 -2.51812181e-01  9.94030176e-10
   4.90851979e-04 -6.01216347e-01 -2.60728276e-03 -4.19136802e-01
  -1.43558424e-03 -4.61903951e-01 -3.55962501e-01  4.77387061e-04
  -1.81747186e-02 -5.40822430e-01  1.65092820e-02  5.86772751e-02
  -3.56388738e-01 -7.90427570e-02 -1.71801345e-02 -7.22895594e-01
  -1.55818994e-02 -1.21405741e-02 -2.24181416e-01 -7.47281541e-01
  -5.15508571e-04 -6.60006089e-01 -6.40554399e-01 -5.94654328e-03
  -1.09612483e-01 -5.00093208e-01  2.10411115e-01 -7.24725854e-01
  -7.65192770e-03 -2.17026107e-02 -2.33234072e-05  1.37672049e-01
  -5.19307260e-01 -7.07100093e-01 -6.30306723e-01 -6.13505564e-01
  -4.75397041e-03 -4.25255848e-03 -9.58227754e-04  2.70268139e-05
   1.26551523e-01  5.16180817e-03  1.33698333e-06  1.69655619e-01
  -2.14970275e-02 -2.75674660e-01 -5.18765950e-02 -1.46334183e-03
  -1.22577921e-01 -6.34850143e-01  1.47592200e-04 -7.05485297e-01
  -5.84802891e-01  3.16394299e-01 -8.21505610e-07 -1.20107026e-02
   2.22252829e-02 -4.67572790e-01 -2.12070135e-03 -4.98585479e-03]
 [ 3.64431846e-01  4.68728307e-01 -1.81941692e-02  5.44075852e-01
   2.95618179e-03  3.59517206e-02  5.78097348e-01 -2.12719105e-02
   5.10237014e-01  3.52480891e-01  1.40606212e-02  3.38840538e-09
   3.75690496e-02 -2.01899810e-02  4.17512786e-01  1.81529699e-01
  -1.13180516e-01  4.86682799e-01  1.25964881e-02  1.90721877e-01
   3.67052150e-02  5.42121546e-01  7.33163724e-01 -1.64157057e-01
  -2.64792390e-02  6.10908084e-01  2.51886743e-01  1.22409243e-01
   3.68384834e-09  4.10673197e-01 -1.18796648e-01 -1.96331037e-02
   3.94239891e-01 -5.46980112e-09  6.68613682e-01 -2.42243363e-03
   4.80314901e-01  5.78596685e-03  7.00261535e-01  1.32237095e-04
   1.09828647e-05  5.75284020e-01 -4.76824258e-06  5.59841073e-01
  -9.07257516e-03  7.29127616e-01  7.08078760e-01 -7.72808426e-06
   1.64902576e-02  2.38430678e-01  5.76902058e-03  1.26110178e-01
   4.31576484e-01  2.73178135e-01 -5.32329909e-02  5.23364839e-01
  -1.52078311e-01  1.04763273e-02  5.08448528e-01  4.03189139e-01
   2.80845091e-04  5.34603137e-01  5.42067736e-01 -3.11562757e-03
   6.59623788e-02  3.48845496e-01  3.92521498e-02  3.84068087e-01
  -2.69327841e-04  1.03040934e-01  1.42696776e-05  1.75805364e-01
   6.99666844e-01  4.53897398e-01  2.86709904e-01  5.09901671e-01
  -5.47505498e-05  1.22767001e-01 -3.08977313e-06  6.35984324e-08
  -5.62987871e-02  9.99773636e-02  3.12624372e-03  1.71132624e-01
  -8.42617993e-04  1.71974411e-01 -2.08100656e-01 -1.81859502e-03
   5.71820658e-03  7.36619955e-01  1.20860230e-02  6.30723206e-01
   7.17601540e-01 -2.90932204e-01 -1.64829366e-09 -2.34801346e-03
   1.99807135e-02  5.91908900e-01 -3.26781846e-09  7.48519949e-06]
 [ 4.40082366e-01  6.83903413e-01  2.76817093e-04  5.32043971e-01
  -1.12571489e-02 -1.81460922e-01  4.13661039e-01 -2.06955996e-04
   3.09652680e-01  7.88598199e-01 -1.28372840e-05  3.72110797e-05
   7.26807137e-02  6.28474490e-02  2.48244012e-01  2.04329635e-01
   1.14282674e-01  7.14021302e-01  1.05034387e-01  4.64502488e-01
   7.87627501e-02  7.89472969e-01  4.76530068e-01 -8.11152558e-02
  -1.21536161e-03  5.45843789e-01  6.34537155e-01 -1.14047440e-01
   2.42556328e-02  2.89734670e-01  6.17941315e-02 -6.30141938e-03
   4.76860401e-01 -2.03124541e-02  5.18117463e-01  1.80943617e-03
   4.31477410e-01  3.36826253e-03  4.66222054e-01  1.57072262e-03
   6.12993141e-08  5.88476632e-01  1.84311246e-02  3.08769795e-01
   5.34072339e-04  6.10638612e-01  3.40158144e-01 -1.68386635e-02
  -7.09993037e-02  2.98382275e-01 -8.52853967e-06  2.47677784e-01
   5.25641187e-01  3.94736329e-01 -1.45723917e-01  6.41472363e-01
  -1.28748366e-01 -4.29913637e-05  4.94105538e-01  4.78702577e-01
   2.84090136e-04  3.85261925e-01  6.04382412e-01  9.87193393e-05
  -6.79740455e-02  1.24288519e-01 -2.98732952e-02  3.54971846e-01
  -4.97796722e-03 -1.45804421e-01  7.57347441e-06  2.52558006e-02
   4.13721677e-01  4.78628619e-01  7.23693260e-01  6.34771640e-01
  -1.40287336e-05  2.37727869e-02 -6.54939904e-05  7.32527144e-09
   2.91440499e-02  9.54455903e-02 -7.50576642e-03 -8.00560541e-02
   3.89375282e-03  2.15464414e-01  2.32065201e-02 -1.12709914e-09
  -1.76136022e-01  4.37985145e-01 -6.41549684e-09  5.09541796e-01
   5.46422642e-01 -3.04553441e-01  3.81209818e-03 -1.20308319e-02
  -1.83525271e-03  6.22945010e-01 -1.44281530e-02 -1.02727487e-05]
 [ 5.89795452e-01  7.27700663e-01  8.68536003e-04  2.35682623e-01
  -9.09537522e-03  7.15885694e-02  3.41912411e-01  1.93285593e-02
   6.53044551e-01  6.94372688e-01 -2.55809383e-03 -2.88681573e-09
   9.16422652e-02 -2.38223105e-02  5.39064281e-01 -2.35289945e-01
  -7.01373716e-02  3.72940039e-01 -9.09807068e-02  4.46046613e-01
   5.77891707e-02  4.76613024e-01  3.10901240e-01  8.78977594e-02
  -3.00242830e-02  5.01837392e-01  1.91731184e-01 -8.82881981e-02
  -1.05834006e-02  6.02527610e-01  6.89625216e-02  2.48879996e-02
   3.28531953e-01 -2.86948489e-02  7.31598179e-01 -9.81462871e-03
   4.89114059e-01 -1.53366508e-02  5.03187762e-01 -1.62944470e-03
  -1.73727686e-02  3.50731625e-01  1.19000791e-03  5.54718962e-01
   2.86785917e-09  3.68240393e-01  5.71242478e-01  1.46160664e-02
  -2.07203275e-02  6.05609940e-01  3.01755917e-02 -1.57103793e-01
   5.02071919e-01  3.45742608e-01  4.12368407e-02  4.33924224e-01
   4.11442783e-03  6.50407714e-05  5.66803048e-01  7.11777343e-01
   2.39840185e-04  5.46634731e-01  3.95693909e-01 -1.09862704e-03
   1.80524773e-01  1.72976234e-01  4.76967568e-02  5.86404842e-01
   3.95447682e-03  7.23471936e-02 -2.34258605e-02 -2.08746256e-01
   6.59014838e-01  6.41278115e-01  2.67753154e-01  4.34299576e-01
  -1.53817256e-02 -3.01498444e-02 -6.99167981e-07 -1.75132156e-04
  -3.92996475e-02  9.90637759e-02 -2.85445628e-02  1.38770490e-01
   1.90531228e-07 -9.23663196e-02 -1.53247463e-02  4.26943519e-05
   1.60942600e-02  5.29901935e-01  3.08571901e-08  3.87501819e-01
   5.74628032e-01  1.46662118e-02  1.42121974e-04 -6.72563015e-03
  -6.22069022e-03  2.56699678e-01 -8.20472020e-05  6.76232659e-05]]
[[ 7.42314360e-01]
 [ 6.22432867e-01]
 [-2.04382312e-02]
 [ 7.00943082e-01]
 [-2.61598476e-03]
 [-1.24878781e-02]
 [ 5.05925763e-01]
 [-2.37315083e-02]
 [ 8.28938126e-01]
 [ 5.38738309e-01]
 [ 3.00656177e-04]
 [-6.85232216e-03]
 [-1.61835043e-01]
 [ 2.11006595e-01]
 [ 3.99716474e-01]
 [-8.61962307e-02]
 [-4.25611264e-02]
 [ 6.53157940e-01]
 [-9.75011011e-02]
 [ 7.83801920e-01]
 [-1.41681129e-02]
 [ 5.38943154e-01]
 [ 6.61847442e-01]
 [-1.16764073e-01]
 [-3.35786675e-03]
 [ 6.59274015e-01]
 [ 4.36034043e-01]
 [-1.63618741e-01]
 [ 4.26718860e-04]
 [ 5.19797589e-01]
 [-2.03412139e-02]
 [-1.22172722e-02]
 [ 7.25045020e-01]
 [ 6.29720273e-06]
 [ 5.73989589e-01]
 [-7.65960647e-05]
 [ 8.36978898e-01]
 [ 2.53941319e-02]
 [ 6.93698406e-01]
 [-7.42846095e-03]
 [-7.36714728e-03]
 [ 6.68452724e-01]
 [ 5.84990572e-03]
 [ 6.67772962e-01]
 [-5.16427085e-03]
 [ 6.06526932e-01]
 [ 5.64938131e-01]
 [-2.54782138e-04]
 [-1.01379869e-02]
 [ 4.91453914e-01]
 [-8.72522300e-03]
 [ 1.68935577e-01]
 [ 5.09415267e-01]
 [ 2.75827081e-01]
 [-1.15525127e-01]
 [ 6.20298839e-01]
 [-8.90623729e-02]
 [ 2.56419231e-03]
 [ 8.59662052e-01]
 [ 7.19454072e-01]
 [ 1.56384058e-03]
 [ 6.68899724e-01]
 [ 5.45025321e-01]
 [-5.79848246e-07]
 [-3.45379330e-02]
 [ 3.94066957e-01]
 [-3.94197539e-02]
 [ 5.88806591e-01]
 [-2.38178546e-04]
 [ 2.11198897e-01]
 [ 1.77503958e-04]
 [-1.07458807e-02]
 [ 5.78936245e-01]
 [ 4.99533204e-01]
 [ 7.91445743e-01]
 [ 7.36007580e-01]
 [-1.96801598e-02]
 [ 1.61117100e-01]
 [ 2.68640555e-09]
 [ 1.98682466e-04]
 [-3.16849263e-02]
 [-9.56910160e-02]
 [-3.63866201e-03]
 [-1.20978565e-01]
 [ 2.30616014e-06]
 [ 1.91079610e-01]
 [-1.45678639e-01]
 [ 1.68228717e-02]
 [-9.06166145e-02]
 [ 6.67357978e-01]
 [-2.36255168e-03]
 [ 6.67230974e-01]
 [ 5.29438204e-01]
 [-2.38834657e-03]
 [ 2.46786488e-03]
 [-1.51288748e-06]
 [-1.65837574e-02]
 [ 7.38378281e-01]
 [ 2.29186152e-04]
 [ 2.52777720e-04]]
----BIASES----
[ 0.68424455  0.66068738 -0.03851687  0.66403145 -0.23233907 -0.01484211
  0.60540197 -0.12770778  0.52607052  0.80997206 -0.2309713  -0.21205163
 -0.02411934  0.29267147  0.50781783 -0.08278536 -0.01829338  0.59975556
 -0.02273663  0.54832729 -0.01967992  0.75327568  0.68183591 -0.04219957
 -0.19051567  0.60585884  0.63439025 -0.02279802 -0.22110348  0.61351539
 -0.00353614 -0.14664929  0.57701472 -0.06673778  0.73428394 -0.21656218
  0.52316502 -0.09849642  0.73263276 -0.2260124  -0.11576772  0.59114282
 -0.1763822   0.60346292 -0.16878474  0.67699607  0.76915922 -0.19136307
  0.00199416  0.57141948 -0.08332757  0.1699755   0.78992891  0.34903342
 -0.04863306  0.63191237 -0.07811251 -0.15117318  0.53288794  0.56580929
 -0.10207498  0.5913256   0.69750107 -0.12053481 -0.06057377  0.47895169
 -0.01611868  0.6974476  -0.10246568  0.26541514 -0.08991139 -0.07646672
  0.76591546  0.70932897  0.54987862  0.6270724  -0.20062242  0.22635637
 -0.11742143 -0.19964673 -0.01601252 -0.02423031 -0.17171985 -0.03390548
 -0.09409614  0.22289193 -0.02275959 -0.06334281 -0.02285328  0.63050141
 -0.23045791  0.69443048  0.80458862  0.02242384 -0.21472817 -0.08855186
 -0.18848153  0.63852215 -0.17120071 -0.12701136]
[0.27677297]
