UID: 116928472      Name: Martin Iglesias       Seed: 13
----PARAMS----
{'activation': 'relu', 'alpha': 0.0001, 'batch_size': 'auto', 'beta_1': 0.9, 'beta_2': 0.999, 'early_stopping': False, 'epsilon': 1e-08, 'hidden_layer_sizes': (100, 100), 'learning_rate': 'constant', 'learning_rate_init': 0.001, 'max_fun': 15000, 'max_iter': 2000, 'momentum': 0.9, 'n_iter_no_change': 10, 'nesterovs_momentum': True, 'power_t': 0.5, 'random_state': 13, 'shuffle': True, 'solver': 'adam', 'tol': 0.0001, 'validation_fraction': 0.1, 'verbose': False, 'warm_start': False}

----RMSE----
            Train Data            |    Test Data  
Pre-Train    169.55722498272496      171.75049592475904
Post-Train   38.55983524531129      68.07308612647003

----TARGETS----PREDICTED VALS----
111.0              99.92294994369013
77.0              110.92905818075141
49.0              94.77582635094929
178.0              115.82769237784267
200.0              135.32648172087025
232.0              219.4162175426225
128.0              149.98186081121327
220.0              301.06121012557304
47.0              52.26485202534741
171.0              142.80038491100348
131.0              254.39504990092053
59.0              55.614568584095736
172.0              174.32306259682568
154.0              116.32489273171907
90.0              72.1610194299912
71.0              83.38532889641435
263.0              333.214994924531
52.0              231.6482221605123
262.0              135.59517296912887
63.0              65.80829804039344
25.0              129.31730171131292
179.0              151.50838869847624
161.0              188.7801457680184
68.0              178.9201784416292
139.0              132.05123507990604
219.0              143.14235890277277
160.0              156.98533273286
246.0              146.842720613424
107.0              154.22689513455927
109.0              67.76093050268655
178.0              213.78674849676966
96.0              67.53917550954715
64.0              98.8054114476394
262.0              131.36493791337062
49.0              113.63991664017259
147.0              144.25183055915696
107.0              96.30628435136853
58.0              122.35884337582654
200.0              157.1063716655952
210.0              193.03692931623382
78.0              167.68573390231737
80.0              82.4095015281009
279.0              241.2758321358632
170.0              220.65502417511493
53.0              67.29839183100096
97.0              174.64622868352163
71.0              146.00139080931933
53.0              60.25922750271556
199.0              130.4394981201415
61.0              159.8620216844898
200.0              108.40908270986331
88.0              138.95350787735444
190.0              138.19809691528695
91.0              195.07000311689134
244.0              167.22028561848364
198.0              119.05362440922478
123.0              204.91944138844164
182.0              140.14936853563694
72.0              74.8019699164795
233.0              255.56577882246384
102.0              37.82678027987684
110.0              166.32236660321038
253.0              66.28618682614209
216.0              127.24250640531412
332.0              247.0747559734318
158.0              81.66891327944288
217.0              195.15257370852152
111.0              62.989062552301036
235.0              168.06513342467477
170.0              118.9521832216399
245.0              486.49859816429324
94.0              115.23082708190427
109.0              147.4100954182121
65.0              43.223253871237404
274.0              315.5874804753366
69.0              119.98493277399587
160.0              79.103942029641
47.0              85.57389604742907
258.0              149.22796376214885
74.0              74.99864965313051
59.0              120.38170045156924
268.0              281.4897501892526
277.0              265.71471037270766
116.0              134.2163675133076
248.0              237.67909316533695
225.0              124.65893245897371
77.0              65.63671411093136
113.0              165.3721628904474
275.0              241.30595384279968
215.0              194.33996711071708
208.0              236.61069450787042
306.0              191.65283315129514
295.0              274.32314770804965
100.0              167.1525846020675
257.0              149.23565292352382
140.0              188.18042805637967
311.0              193.3748353325506
85.0              163.30887683325128
137.0              151.52766639622897
163.0              234.71730762617372
174.0              176.3657191406342
150.0              218.0148589515091
275.0              224.87437636582973
73.0              132.32321210678603
103.0              192.00552620217408
148.0              103.17951421958728
179.0              113.87139105170368
124.0              160.82136287141
60.0              113.58668837423207
128.0              159.69949653146026
246.0              228.42222854876889

----WEIGHTS----
[[ 1.19385276e-01  8.71966932e-02  8.51650932e-03  3.19786400e-01
  -1.42645758e-01 -2.38693496e-01  1.49694772e-01  3.83521271e-01
  -2.82517567e-01  2.51207974e-01  8.05941505e-02 -4.04757687e-01
  -3.14584249e-01  3.44546704e-01  1.17823120e-01  9.82978791e-01
  -2.78633590e-01 -6.19841180e-02 -4.69447940e-01 -5.82862480e-01
   2.63256759e-01 -1.55972569e-01 -2.30209639e-01  4.50962491e-01
  -5.05836691e-01 -6.74425860e-01  1.42321049e-01  3.54792382e-01
  -8.28603669e-01 -1.71975299e-01  2.39167493e-01  1.75419058e-01
   3.30716253e-01  1.63952213e-02 -3.43567899e-01  1.21979784e+00
  -4.22660693e-01 -1.67406700e-01 -1.74903228e-02  7.61772594e-01
  -1.10596021e-01  4.24295442e-01  1.11641193e+00 -2.17075330e-02
   1.52705000e-01 -3.26534352e-01 -2.50053934e-01 -1.90289847e-02
   4.30251692e-01 -2.66654345e-01  1.76349865e-02 -2.64285632e-01
  -6.91129324e-01 -3.08310100e-01 -4.74722678e-02 -6.45022229e-01
   9.05772515e-01  5.82888649e-01  1.86982740e-02  5.25915130e-01
   5.32276968e-01 -3.45670926e-01 -2.01933044e-01  1.76392364e-01
  -7.93206586e-01 -1.21073245e-01 -1.73606596e-01  1.73906192e-01
   1.46957194e+00  1.10063660e-01  1.43678013e-01 -8.64784527e-01
   1.72737341e-01 -5.53423615e-02  3.38088317e-01  4.12794032e-01
  -7.39167091e-01 -3.79810062e-01  6.59151467e-01  3.97706175e-03
   3.26066902e-01  6.44382612e-01 -9.02589400e-01  1.37824155e-01
  -1.06347019e+00 -5.17918792e-01  2.37658319e-01  3.23421385e-01
   3.17171901e-01 -7.59006483e-01  8.39719049e-66 -2.06631852e-01
  -2.38975735e-01 -4.22744536e-01  7.45127457e-01 -7.65279271e-01
  -1.04887556e+00 -3.18078919e-01  5.23057202e-02  6.55030314e-01]
 [-3.24926782e-01  4.81108249e-01 -1.94009521e-01 -5.00783829e-01
   2.37254611e-02 -5.53152199e-01  3.72031762e-01 -4.10024597e-01
  -3.04295764e-01 -7.49782331e-01 -9.53662685e-01 -6.72570731e-01
  -8.38343663e-01 -6.81621868e-01 -8.69163912e-01 -8.33137853e-01
  -5.91140426e-01 -2.88399561e-01  8.51516118e-02 -4.83498815e-01
   1.05199803e-01  3.48653426e-01 -9.36348254e-01 -4.11102752e-01
  -7.09719250e-01  6.98811027e-01  4.93672234e-01 -6.45789624e-01
  -5.49535143e-01  2.08509635e-01 -6.06774873e-01  2.52621890e-02
  -1.32980166e-01 -6.39232684e-01 -1.65493306e-01  2.54196458e-01
   5.45591895e-01  7.57007683e-01 -6.54094478e-01  3.90014608e-01
  -9.41451394e-01  2.04940172e-01  9.10748230e-01 -8.59987986e-01
  -8.55719854e-01 -9.68948497e-01 -8.43368359e-01 -1.27204657e+00
  -1.58166644e-01 -3.97253158e-01  5.00300629e-01 -8.42806125e-01
  -3.38582713e-01 -7.71541178e-01 -1.31848992e-01 -5.90294238e-01
   4.76694842e-01  2.54020754e-01 -8.91899489e-03 -7.87049002e-01
   1.05041626e+00 -7.50384814e-01 -8.66439673e-01  4.66306688e-01
   6.49554562e-01  6.33972271e-01 -3.20318659e-01 -9.28449386e-01
   4.54630448e-01  1.08853033e-01  4.14792843e-01 -5.64760106e-01
  -9.45797749e-01  8.01023827e-01 -6.39392461e-01  5.38906920e-02
   1.83212943e-01 -8.45836897e-01 -8.50263573e-01  5.37567151e-02
  -8.52238438e-01  3.20164247e-01  3.17096374e-01 -6.57345255e-01
  -7.46092673e-01 -5.01697124e-01  2.01389386e-01  7.60152145e-01
  -8.18396645e-01 -1.10350799e-01  2.46633633e-77 -7.45072949e-01
  -6.02075088e-01 -8.67084556e-02 -6.93031265e-01  8.07876495e-01
   9.74933182e-01 -6.36965688e-01 -1.07801698e-01 -7.53163281e-01]
 [ 2.54644689e-01  2.38804694e-01  5.50098881e-01  1.09715191e-02
  -1.68334258e+00  6.33161738e-01  6.14336597e-02  9.38589826e-02
   3.35008359e-01  2.36179579e-01 -1.00887209e+00  3.64242736e-01
   3.36735506e-01  5.69681784e-01  1.86207523e-01  2.04077985e-01
   2.40348438e-01  5.48418603e-01  1.47415796e-01 -5.55892154e-02
   4.83933264e-01  4.62925942e-01  7.54061124e-01  4.02764959e-01
   2.49562778e-02  2.76619248e-01 -1.63333888e-01  9.18129483e-02
   1.10528628e+00  1.87629186e-01  4.02370010e-02  1.51153748e-01
  -9.56258121e-02  2.31498012e-01  5.27176580e-01  6.53214625e-01
   1.21154602e-01  2.53595674e-01  2.65545401e-01  5.73680571e-01
   2.80004846e-01  1.04524944e-01  4.78754728e-01  3.42596549e-01
  -1.00276288e+00  6.92258772e-01  4.81245067e-01  9.31428522e-01
   1.69187805e-01  2.54084291e-01 -1.51283970e-01  2.85992516e-01
   8.51309327e-02  2.80673336e-01  4.23463630e-01  5.89595671e-01
  -3.49003174e-01  8.86937938e-01  2.95097288e-01  2.39784016e-01
   6.19359493e-01  7.88930349e-01  2.26657470e-01  9.72792033e-01
  -1.67802959e-01  1.65825880e-01  2.48726889e-01  5.45748103e-01
   5.25443570e-01 -1.35888431e-01  9.61872947e-01  1.19065996e+00
   3.53176235e-01  3.66528745e-01  4.71430495e-01  2.34408912e-01
   4.53030115e-01  6.24912650e-01  3.21013750e-01  1.64821450e-01
   3.17106821e-01  1.23025632e-01  4.56522064e-01  2.69476662e-01
   1.67076629e-01  4.05855530e-01 -8.87149053e-02 -3.83571041e-02
   5.06245268e-01  1.57382195e-01  1.06512644e-74  3.89022653e-01
   2.16360994e-01  1.91943531e-01  2.49081592e-01  5.65044152e-01
  -3.65453313e-01  2.29933765e-01  1.23733450e-01  2.67881615e-01]
 [ 1.99639030e-01 -1.15310591e-01 -4.01948876e-03  5.62290787e-02
  -1.53812328e+00  3.53719750e-01  1.15376592e-01  7.11070629e-01
  -4.84534854e-01 -6.94037662e-02 -1.10362633e+00  5.72368517e-01
   2.97698521e-01  3.71975265e-01  3.78767671e-01  8.83430770e-01
  -2.31412995e-02  1.68183509e-01 -2.11906361e-02  3.82226835e-01
  -2.68943283e-01 -2.43093869e-01  1.27990229e-01  6.97984944e-01
   2.48208658e-01 -1.19757448e-01  2.01282626e-01  4.08429032e-02
  -2.45400790e-01 -2.94586438e-01 -1.19247185e-01 -6.99245971e-01
  -3.57508572e-01  1.48940214e-01 -1.63270799e-01  4.83392737e-01
  -4.12762172e-01  6.03809462e-01 -3.20339896e-01  1.18657249e-01
  -2.56895285e-01 -1.81363864e-01  7.27378837e-01  1.80835293e-01
  -1.13312828e+00  4.51129141e-01  1.43776447e-01 -9.93671319e-01
   6.03733181e-01 -4.67024363e-01 -8.46261112e-01  2.04336587e-01
  -2.70139741e-01 -1.11424810e-01  4.00007413e-01  3.08016118e-01
   1.30967574e+00  8.35673313e-01  3.83909340e-01  5.32521848e-01
   6.63324114e-01  3.43073033e-01  9.70557945e-02  6.95024341e-01
  -3.61751282e-01  6.21068806e-01 -5.16726546e-01  1.10060803e-01
   7.82182579e-01 -1.41093620e-01  6.93615571e-01 -3.27649108e-01
  -2.83022439e-02  2.98170059e-01  6.31536450e-01  2.59479560e-01
   3.28442709e-01  4.03928488e-01  3.86128558e-01  3.20580160e-02
   4.54516920e-01 -7.92304522e-02  4.14185844e-01  6.17549611e-01
   2.91980155e-02  1.73904158e-01  6.16533958e-01 -2.87693916e-01
   4.01059309e-01 -3.67430963e-01 -6.94635390e-92  3.34867705e-01
   2.22655729e-01 -3.77916721e-01  4.16291633e-01 -1.00894638e-01
  -9.51910604e-01  1.25262918e-02 -5.66877268e-03  4.21994329e-01]
 [-8.20271114e-02  1.03885224e-01  2.22590474e-01  1.18589890e-01
  -5.65799469e-01 -2.14780563e-01 -1.52560210e-01  5.63824061e-01
  -6.90706855e-02 -7.50953474e-02 -8.50899515e-01  1.07491233e-01
   6.95907966e-02 -3.41207929e-02  7.14873441e-02 -3.48570343e-01
   1.70496468e-01  5.81661039e-02  9.45275734e-03 -5.34906147e-01
  -2.43162614e-02 -2.51094843e-01  2.06881212e-01  2.17127107e-01
  -3.83642368e-01 -8.69178862e-01 -1.60183078e-01 -2.15864911e-01
  -8.04004423e-02 -1.21761140e-01  1.99704873e-02 -1.33037611e+00
   2.35144518e-01  3.24731491e-02 -1.76894349e-02 -1.63534961e-01
   2.71068642e-02  9.95086949e-01 -9.01076291e-02 -1.25363524e+00
  -8.48910812e-01 -1.14789508e-01 -8.18025988e-01 -6.75069098e-01
  -8.57391674e-01  7.42988264e-02 -2.14702060e-01 -1.06215522e+00
  -1.76241926e-01 -4.75480939e-02 -6.51740925e-01 -9.48608734e-02
  -3.03847795e-01  7.57625888e-02 -1.21200185e-03 -2.70070307e-02
  -4.48359220e-01  6.19115748e-02  7.53661911e-02  3.91328074e-01
  -7.95814152e-01  3.88995690e-02  5.78649046e-02  3.12991377e-01
  -1.13558471e+00 -3.54376601e-01 -3.08464620e-01 -8.83075649e-02
  -2.35814785e-01 -5.94775060e-02  3.15754059e-01  3.62570677e-02
  -3.06410162e-01 -8.96976875e-02 -1.30670945e-01 -2.75531942e-01
   6.98032279e-02  1.34957532e-01  5.17427541e-01 -9.98991443e-02
  -5.18926493e-02 -6.97546722e-01  3.07021440e-01  3.51249886e-01
  -2.16127744e-01  5.21330623e-02 -1.18661679e-01 -1.35739881e-02
   1.80214252e-01 -4.73675499e-01  1.26169877e-60  1.57654199e-01
  -2.36235438e-01 -3.54148175e-01  2.20559154e-01 -5.62955710e-01
   8.42998615e-01  6.77327489e-02  5.66016464e-02  4.45789408e-01]
 [-5.98726810e-02 -8.49355671e-02 -2.59577443e-01  3.44045301e-01
  -7.94661777e-01  1.63457833e-01  6.11423247e-01  2.85362794e-01
  -4.53718734e-01 -1.73605908e-01  1.59396557e-01 -2.85534397e-01
  -7.66409505e-02 -2.42519093e-01 -4.75356611e-01 -1.92757977e-01
   1.08003689e-01 -1.72912367e-01  1.89776815e-01  1.78232802e-01
  -3.71698748e-01 -2.59332559e-01  4.24900362e-01 -2.07926795e-01
   1.48393048e-01 -2.40758606e-01  5.18577525e-01  2.53166199e-02
   5.55338229e-01 -3.53870813e-01 -3.26146273e-01 -5.50955237e-01
   5.55866500e-01  2.44717194e-01 -4.16236995e-01  9.60240997e-02
   2.51239678e-01  1.09029041e+00 -2.01312952e-01 -6.25533840e-01
  -9.61273886e-02  3.40773062e-01  1.98765150e-01 -9.00821555e-02
   2.81866394e-01  1.65489284e-01 -1.54293352e-01 -1.56314799e-01
  -1.44542058e-01 -2.27809232e-01  4.75733675e-02  1.54238678e-01
   5.44357070e-02  7.64741672e-02  1.11721057e-01  2.64846306e-01
   1.82820409e-01  9.43113291e-01  1.58334238e-01  3.43150404e-02
   2.72623025e-02  1.99422277e-01 -5.49353491e-03  8.46426215e-01
  -2.26370897e-01  3.13922463e-01 -7.94766825e-02  1.16794333e-01
   4.80996486e-01  8.26464068e-02  7.24492424e-01  5.75889989e-01
  -1.86856044e-01  1.54405184e-02 -3.55235224e-01  8.75409891e-02
   2.60641536e-01  1.44607580e-01  2.75568367e-01  1.98657322e-01
  -1.41700581e-01 -5.98774684e-01 -7.25289265e-02  3.60898292e-02
   2.63861143e-03 -7.42649358e-03  3.15394281e-01  5.58022982e-01
  -3.29151159e-01 -2.41112917e-01  1.20536957e-76 -1.77094807e-01
   1.19820275e-01  2.67012093e-02 -2.55069178e-01 -4.48720789e-02
   4.99260592e-01  1.13484069e-01  7.82247182e-02 -2.82968651e-01]
 [ 6.10010242e-01 -1.88362383e-01 -1.85645455e-01 -1.02057084e-01
   5.13135319e-01 -2.98309150e-01 -3.04316183e-01  3.69233090e-01
   4.65455826e-01  2.61904356e-01 -7.63217789e-01  1.54367608e+00
  -2.96023488e-02  8.76822212e-02  3.60804168e-01 -4.41587870e-01
  -1.47138808e-01 -3.08989145e-01 -3.29732257e-01  1.30925177e-01
  -2.41509709e-03  2.87721431e-01 -1.36046936e-02  7.00393698e-01
  -3.07998551e-01 -5.88731167e-01 -4.25519200e-01  9.48841517e-02
  -6.47507503e-01  4.34675026e-01  3.73208883e-01 -2.84643833e-01
   1.49972732e-01 -2.98317442e-01  9.86149350e-04  2.15498460e-01
   8.35558467e-02  7.65014490e-01  2.92196685e-01 -4.41696570e-01
  -4.62832147e-01 -8.03455895e-02 -1.00115172e+00  1.92950463e-01
  -1.07461867e+00  7.18441857e-02  4.17395367e-01 -1.00181435e+00
  -2.48182139e-01  9.24555819e-02  3.43208262e-01 -2.44641460e-02
   5.16185504e-01 -1.21826551e-01  7.70344335e-01 -2.06094089e-01
  -1.84694382e-01 -1.33390104e+00  1.27747860e+00  4.16126267e-01
  -8.27807763e-01 -3.73777298e-02 -1.91475598e-01 -2.25446041e-01
  -3.84165013e-01 -7.33289206e-01  4.14746432e-01 -2.18269149e-01
  -7.61414643e-01 -3.97058862e-04 -1.76381548e-01 -6.96840877e-01
   2.49499506e-01 -4.71584504e-01 -5.01493000e-01 -1.38950470e-01
   2.53965729e-01 -4.34759938e-02  8.48081758e-02  6.96812393e-02
   4.86947360e-01 -2.04833453e-01  2.33684373e-01  1.08045194e+00
  -6.49371690e-01 -4.44785726e-01 -1.26323360e-01 -2.70101506e-02
   1.24984872e-01  3.19285972e-02  6.85261738e-84 -4.14550732e-01
   6.12368635e-03  2.85453774e-01  5.48961506e-01 -6.69570331e-01
   6.64574821e-01 -1.36437796e-01 -1.07739557e-01  4.08830284e-01]
 [-2.25346908e-01 -1.32846394e-01 -1.85747547e-01  2.33948194e-02
  -1.05089045e+00  1.00805407e-01 -2.11952228e-01 -2.05172551e-01
   2.38318949e-02 -2.02436311e-01  7.03861115e-01 -7.14839939e-01
   3.43391094e-01 -1.26503703e-01  8.35184993e-02  1.44431382e-01
  -2.16357103e-02 -1.95176018e-01  2.82883651e-01 -1.71653713e-01
   9.86988688e-02 -1.01622498e-01  4.67836631e-01  4.00080814e-02
  -7.67064771e-01  1.99165169e-01 -4.74288654e-01 -4.47559362e-03
   3.08272369e-01 -1.73783360e-01 -6.34375624e-02 -9.38141324e-01
  -7.19578777e-01 -3.65686025e-01  1.57503814e-02 -7.66854199e-01
  -1.15974381e-01  4.20716700e-01  2.21256491e-01  8.77248544e-01
  -8.78006281e-02 -7.93827912e-02  1.21330702e-01  4.69957151e-01
   2.89256648e-01  4.05544955e-01  1.98581373e-01  8.65142740e-01
   9.63204605e-02 -2.69043790e-01  3.03823591e-01  3.23183851e-01
  -1.65610614e-01  3.03032563e-01 -1.57213446e+00  2.44647291e-01
  -7.89256279e-01  5.38399992e-01 -1.17501823e+00 -1.39581475e-01
   2.67359935e-01  1.99145523e-01  1.34179414e-01 -2.34109663e-01
   3.66028041e-01 -9.72377557e-02  3.52022577e-02 -2.48931197e-01
   1.84385592e-01 -2.55615281e-01 -2.92133198e-02  2.06113772e-01
   1.23481375e-01 -3.97692801e-01  1.69146540e-01 -1.49200392e-01
  -1.19572254e+00  2.96947037e-01 -6.44190866e-03  5.82429839e-03
   7.21466343e-03  5.44212696e-01 -1.02041158e+00  2.03720287e-01
   2.16312592e-01  3.02248466e-01 -3.42642820e-01 -4.21154674e-01
  -6.25510300e-02  2.05881322e-01 -1.94606640e-63  2.88434842e-01
   2.75112694e-01 -3.52344395e-01  5.51775066e-02  2.06745478e-01
  -1.58261800e+00  2.17328993e-01 -6.72737704e-04  3.92414489e-04]
 [ 1.75194211e-01  8.05131228e-01  1.15450519e+00  2.93904884e-02
  -3.00294663e-01 -3.61269625e-01 -3.17679891e-01  7.12249866e-01
   2.30592940e-03  4.11618564e-01  1.69684005e-01  6.22242243e-01
   5.25902675e-01 -5.22186517e-02  2.03056937e-01  5.38753178e-01
   6.17636917e-01  1.35547177e+00  9.38512220e-01 -7.58123016e-01
   9.57903752e-01  6.78180745e-01 -1.74236299e-01  6.04718966e-01
  -1.67520438e-01  3.11866738e-01 -9.12744680e-02 -6.80913308e-02
   7.50299084e-01 -1.36172482e-01  7.54013238e-01 -7.65372089e-01
   1.52151415e-01 -2.19668559e-01 -1.41290070e-02  8.36911623e-01
  -3.37299291e-01  3.35256527e-01  3.93635506e-01  1.02377593e+00
  -8.68338897e-02  5.25033444e-01  1.20283203e-01 -9.55085274e-01
   2.36713599e-01  1.35873212e-01 -2.31980163e-01 -1.28614763e+00
   3.60040694e-01  2.97898415e-02 -1.56915502e-01  4.67924933e-01
   9.92098985e-02  7.54479592e-01 -7.50483380e-01  3.11767449e-01
  -7.21509879e-01  3.11500632e-01 -1.84759806e-01  7.83853002e-01
   6.63477855e-01 -2.13060096e-01  3.97135150e-01  4.86235993e-01
  -3.06546633e-01 -5.96459411e-01  2.73413971e-01 -5.10441556e-01
  -6.20559216e-02 -5.73355560e-01  4.17428116e-01  7.96247557e-01
  -2.69532385e-01 -2.92449262e-01  7.30873725e-01  5.99262462e-01
   1.41018144e-01  1.91138061e-01  1.13140229e+00 -5.08446387e-03
   2.85813701e-01  7.86928217e-01 -7.21007439e-03  5.93603718e-01
   8.07029604e-01  9.09661281e-01  3.07493347e-01  2.31901342e-01
  -9.36998301e-02 -2.09518500e-01  1.96651386e-91  4.21528819e-01
   2.23118622e-01 -1.72844233e-01  1.04411459e+00 -7.03793631e-02
   7.26219610e-01  6.16119869e-01 -1.66259434e-01  8.99447446e-01]
 [ 3.34751404e-01  5.31468856e-02 -1.34471907e-02 -2.26745564e-01
  -1.02711678e+00  4.06359357e-01 -2.32800399e-01  5.56754148e-01
   4.58727001e-01  4.61137236e-01 -1.14157338e+00 -5.03872426e-02
   2.47021015e-01  3.51739807e-01  5.88743448e-01 -6.41382272e-01
  -1.29270686e-01 -1.86060838e-01 -4.66033142e-01  7.32195871e-01
   3.50802948e-01 -8.95275852e-02 -2.00500134e-01  2.56592972e-01
  -1.07843664e+00  2.87999577e-01 -2.39569019e-01  4.94345911e-02
  -3.20792167e-01  5.30011292e-01  4.42100129e-01 -1.16854850e+00
  -1.03844306e+00 -1.04146045e+00  4.94490627e-01 -6.35293268e-01
   4.16241057e-01 -6.67486504e-01  2.24003571e-01  5.99458761e-02
  -1.31073457e+00 -3.57406890e-01  7.47024391e-01  1.58259511e-01
  -1.33320762e+00 -2.50211320e-02  2.84578222e-01 -7.95111866e-01
  -1.02542624e-01  4.72137007e-01  1.04899275e+00  2.68875479e-02
   4.38137371e-01  8.97534893e-02 -1.25135563e+00 -8.17280090e-02
  -1.72275749e+00  9.68305406e-01 -9.53644280e-01  3.40137467e-01
   3.48822885e-01  1.86939861e-01  1.59785959e-02  2.49285268e-01
   9.28151380e-01  1.98166571e-02  2.45064798e-01  2.12450664e-01
   6.19506069e-01  1.99611922e-01  2.44222186e-01 -2.55064823e-01
   4.39086046e-01  1.90432072e-01 -3.65011812e-01 -7.46707096e-02
  -1.11632058e+00  1.79131987e-01 -3.97219533e-02 -6.11580321e-02
   2.17200885e-01  2.42909313e-01 -1.19660837e+00  2.89602091e-01
  -7.34477701e-01 -2.48083744e-02  1.83176373e-01  1.79636558e-01
   2.67005977e-01  4.26652591e-01  2.35614258e-91 -8.16879078e-02
   4.65452219e-01  5.11030040e-01  2.12167355e-01 -3.57380668e-01
  -1.19152766e+00 -5.58578813e-02 -6.82386859e-02  1.87510044e-01]]
[[ 9.81744336e-01  3.44816517e-02 -1.04751598e-02 ...  1.29276119e-01
   1.95932196e-01  2.08308800e-01]
 [-9.07463968e-02  2.63839405e-02 -4.48063410e-03 ... -4.16597470e-02
   7.60632973e-02  1.76017961e-01]
 [-6.06061764e-01 -9.72684490e-02  3.99187461e-01 ...  1.20638630e-03
   4.12443231e-01  3.18861107e-01]
 ...
 [-3.34272907e-01 -1.72421389e-01  2.86714760e-01 ...  1.09660169e-02
   2.82238311e-01  1.03562879e-01]
 [-3.31509203e-03 -1.23993218e-01 -1.47793568e-01 ...  1.21917866e-01
   2.55278844e-87  4.69567855e-03]
 [ 1.35162860e-01 -9.85705358e-03  1.64813809e-01 ... -8.33917566e-02
   3.86785564e-01  1.86529181e-01]]
[[-2.29745542e+00]
 [-9.90255555e-02]
 [ 5.03381894e-01]
 [ 4.25138295e-01]
 [-2.71864697e+00]
 [ 3.66435254e-01]
 [-2.87355239e-02]
 [ 4.55280538e-01]
 [ 5.11349397e-01]
 [ 4.38555229e-01]
 [ 3.98925293e-01]
 [ 5.34722612e-01]
 [ 3.24045270e+00]
 [-2.63734769e+00]
 [-2.39234912e+00]
 [-2.41813788e-02]
 [ 4.44821327e-01]
 [-9.77717855e-03]
 [-2.14099367e-01]
 [-2.34096366e+00]
 [-2.13867137e+00]
 [ 4.06143110e-01]
 [-1.97360355e-01]
 [-2.70083630e+00]
 [-1.46246015e-01]
 [-6.44159961e-02]
 [ 4.53287374e-01]
 [ 3.26696510e-01]
 [-3.12695561e+00]
 [ 4.76647710e-01]
 [ 3.17135885e-01]
 [ 3.44348161e-01]
 [ 3.78914194e-01]
 [ 5.55677787e-01]
 [ 4.98753015e-01]
 [ 5.38983829e-01]
 [ 3.31816742e-01]
 [ 4.67942010e-01]
 [ 4.34541642e-01]
 [-4.41447439e+00]
 [-4.61785374e-02]
 [-7.64017094e-02]
 [-2.28639470e+00]
 [-1.12716095e-87]
 [ 4.77646940e-01]
 [-1.06148561e-02]
 [-2.15368215e-01]
 [-1.00296732e-01]
 [-9.12536104e-02]
 [-2.81903906e+00]
 [-1.84512734e+00]
 [ 3.38318368e-01]
 [ 4.63060521e-01]
 [-1.51276752e-01]
 [-1.92695315e-01]
 [ 5.64295105e-01]
 [ 5.16971037e-01]
 [ 3.24169670e-01]
 [ 3.92726735e-01]
 [ 4.05539597e-01]
 [ 3.77524846e-01]
 [-4.75749439e-02]
 [-2.63182407e+00]
 [-1.20426999e-01]
 [ 4.51937102e-01]
 [ 4.79577152e-01]
 [ 3.28041867e-01]
 [-1.46739187e-01]
 [ 3.28719510e-01]
 [ 5.20277145e-01]
 [ 5.33616873e-01]
 [ 4.08035240e-01]
 [-8.53831500e-02]
 [-3.33494301e-92]
 [ 3.90709867e-01]
 [ 2.98930844e-01]
 [-1.33927660e-01]
 [ 3.31684289e-01]
 [ 4.82507856e-01]
 [-2.04718498e-01]
 [-1.17798160e-01]
 [ 3.06467103e-04]
 [ 4.60768294e-01]
 [ 4.71037618e-01]
 [-1.84160863e+00]
 [ 3.55371934e-01]
 [ 5.30411069e-01]
 [ 4.77842961e-01]
 [ 5.40856523e-01]
 [-2.94670214e+00]
 [ 3.37497438e-01]
 [-3.38246501e+00]
 [ 3.13672879e-01]
 [ 2.48476562e-67]
 [-1.49927166e-01]
 [ 5.49249762e-01]
 [-2.69678848e+00]
 [-9.38655648e-02]
 [ 3.98126188e-01]
 [ 3.38402382e-01]]
----BIASES----
[ 0.47719781  0.27247899  0.21606976  0.35885991 -0.07925426  0.37969749
  0.41341051  0.28176904  0.52589643  0.47095657 -0.1489228   0.40168771
  0.44363563  0.37590665  0.46169968  0.36529967  0.34776585  0.22642751
  0.32005409  0.46183117  0.24682954  0.47408502  0.36653843  0.29336477
  0.13133298  0.47364668  0.46496426  0.32718488  0.21866684  0.50927913
  0.42517688  0.09737002  0.43648143  0.0943826   0.35419964  0.27154557
  0.35924039  0.33033591  0.48034405  0.30545459  0.02870183  0.3073485
  0.23664595  0.46949991 -0.14672216  0.40126013  0.41456832  0.2747103
  0.35967712  0.4768892   0.50841586  0.38279034  0.45593138  0.47284757
  0.55125453  0.22958143  0.62711531  0.13350345  0.44292862  0.34558463
  0.17433905  0.26419185  0.34720051  0.16072313  0.52725306  0.48508967
  0.36856085  0.33955047  0.3248008   0.49595376  0.14534166  0.23201729
  0.45651828  0.5291751   0.30972731  0.32258801  0.02313354  0.40185982
  0.18752799 -0.22164122  0.39087049  0.23738031  0.05361757  0.37772017
  0.27023318  0.28620931  0.29445431  0.30538466  0.37437382  0.35426112
 -0.23045791  0.31882204  0.38149555  0.54110992  0.26657017  0.34128349
  0.04339286  0.36788664 -0.18878624  0.27259224]
[ 0.53725995  0.13900877  0.28433092  0.27961013  0.3230427   0.29984554
  0.09549096  0.19473718  0.01702541  0.09933998  0.24612749  0.2044327
  0.03978611 -0.46264663  0.082217    0.10285885  0.1995341  -0.02132771
  0.13685305  0.02780941 -0.03518649  0.21851381 -0.0672772   0.12147528
  0.00210321  0.03650408  0.01349607  0.11799133 -0.85706463  0.16877409
  0.21582095  0.29065396  0.29847755  0.12843253  0.11880285  0.09467515
  0.15515103  0.30358842  0.07547098  0.1699532   0.14155014  0.1275333
 -0.51746761 -0.1603777   0.21645344  0.07383752 -0.08004215  0.04548498
 -0.07013679  0.12622689 -0.0071906   0.30092271  0.21616729 -0.17400665
 -0.05386253  0.04108118  0.24622048  0.3143278   0.07657139  0.08519114
  0.08830913  0.13724958 -0.32630038 -0.14741626  0.1824558   0.32356241
  0.17603484  0.10720468  0.14387465  0.16650229  0.20329504  0.27307993
  0.10021374 -0.13200593  0.09078268  0.21314424  0.1362178   0.02437009
  0.06287239 -0.08687544 -0.18659285  0.01051605  0.08623587  0.16705255
  0.05051768  0.25199193  0.10633856  0.22785587  0.03947422 -0.20842325
  0.33239191  0.31215292  0.22679505 -0.1444048  -0.01822977  0.17696873
  0.25380189 -0.00936333  0.02895815  0.25655516]
[0.34062614]
